00000000000000
00000011000000
00000111100000
00001111110000
00001111110000
00011111111000
00011111111000
00111100111100
00111000011100
01111111111110
01111111111110
11111111111111
11111000011111
11110000001111
01110000001110
00000000000000
00000000000000
01111111111000
11111111111110
11111111111110
11110000011111
11110000001111
11110000011111
11110001111110
11110001111110
11110000011111
11110000001111
11110000011111
11111111111110
11111111111110
01111111111000
00000000000000
00000000000000
00000111111000
00011111111110
00111111111111
01111100001110
01111000000000
11110000000000
11110000000000
11110000000000
11110000000000
01111000000000
01111100001110
00111111111111
00011111111110
00000111111000
00000000000000
00000000000000
01111111100000
11111111111000
11111111111100
11110000111110
11110000011110
11110000001111
11110000001111
11110000001111
11110000001111
11110000011110
11110000111110
11111111111100
11111111111000
01111111100000
00000000000000
00000000000000
01111111111110
11111111111111
11111111111110
11110000000000
11110000000000
11111111111000
11111111111100
11111111111000
11110000000000
11110000000000
11110000000000
11111111111110
11111111111111
01111111111110
00000000000000
00000000000000
01111111111110
11111111111111
11111111111110
11110000000000
11110000000000
11111111111000
11111111111100
11111111111000
11110000000000
11110000000000
11110000000000
11110000000000
11110000000000
01100000000000
00000000000000
00000000000000
00000111111000
00011111111110
00111111111111
01111100001110
01111000000000
11110000000000
11110000111110
11110000111111
11110000001111
01111000001111
01111100001111
00111111111111
00011111111110
00000111111000
00000000000000
00000000000000
01100000000110
11110000001111
11110000001111
11110000001111
11110000001111
11111111111111
11111111111111
11111111111111
11110000001111
11110000001111
11110000001111
11110000001111
11110000001111
01100000000110
00000000000000
00000000000000
01111111111110
11111111111111
01111111111110
00000111100000
00000111100000
00000111100000
00000111100000
00000111100000
00000111100000
00000111100000
00000111100000
01111111111110
11111111111111
01111111111110
00000000000000
00000000000000
00000000001100
00000000011110
00000000011110
00000000011110
00000000011110
00000000011110
00000000011110
00000000011110
00000000011110
00000000011110
00111000111110
01111111111100
00111111111000
00011111100000
00000000000000
00000000000000
01100000011100
11110000111110
11110001111100
11110011111000
11110111110000
11111111100000
11111111000000
11111111000000
11111111100000
11110111110000
11110011111000
11110001111100
11110000111110
01100000011100
00000000000000
00000000000000
01100000000000
11110000000000
11110000000000
11110000000000
11110000000000
11110000000000
11110000000000
11110000000000
11110000000000
11110000000000
11110000000000
11111111111100
11111111111110
01111111111100
00000000000000
00000000000000
01100000000110
11110000001111
11111000011111
11111100111111
11111111111111
11111111111111
11111111111111
11110111101111
11110011001111
11110000001111
11110000001111
11110000001111
11110000001111
01100000000110
00000000000000
00000000000000
01100000000110
11110000001111
11111000001111
11111100001111
11111110001111
11111111001111
11111111101111
11110111111111
11110011111111
11110001111111
11110000111111
11110000011111
11110000001111
01100000000110
00000000000000
00000000000000
00000111100000
00011111111000
00111111111100
01111111111110
01111000011110
11110000001111
11110000001111
11110000001111
11110000001111
01111000011110
01111111111110
00111111111100
00011111111000
00000111100000
00000000000000
00000000000000
01111111110000
11111111111100
11111111111110
11110000011111
11110000001111
11110000001111
11110000011111
11111111111110
11111111111100
11111111110000
11110000000000
11110000000000
11110000000000
01100000000000
00000000000000
00000000000000
00000111100000
00011111111000
00111111111100
01111111111110
01111000011110
11110000001111
11110000001111
11110000001111
11110000001111
01111000011110
01111111111110
00111111111111
00011111111111
00000111100111
00000000000000
00000000000000
01111111110000
11111111111100
11111111111110
11110000011111
11110000001111
11110000001111
11110000011111
11111111111110
11111111111100
11111111111100
11110000111110
11110000011111
11110000001111
01100000000110
00000000000000
00000000000000
00001111111000
00111111111110
01111111111111
11111000001110
11110000000000
11111111000000
01111111111000
00011111111110
00000011111111
00000000001111
01110000011111
11111111111110
01111111111100
00011111110000
00000000000000
00000000000000
01111111111110
11111111111111
01111111111110
00000111100000
00000111100000
00000111100000
00000111100000
00000111100000
00000111100000
00000111100000
00000111100000
00000111100000
00000111100000
00000011000000
00000000000000
00000000000000
01100000000110
11110000001111
11110000001111
11110000001111
11110000001111
11110000001111
11110000001111
11110000001111
11110000001111
11110000001111
01111000011110
01111111111110
00111111111100
00001111110000
00000000000000
00000000000000
01100000000110
11100000000111
11110000001111
11110000001111
01111000011110
01111000011110
00111100111100
00111100111100
00011111111000
00011111111000
00001111110000
00001111110000
00000111100000
00000111100000
00000000000000
00000000000000
01100000000110
11110000001111
11110000001111
11110000001111
11110000001111
11110011001111
11110111101111
11111111111111
11111111111111
11111111111111
11111100111111
11111000011111
11110000001111
01100000000110
00000000000000
00000000000000
01100000000110
11110000001111
11111000011111
01111100111110
00111111111100
00011111111000
00001111110000
00001111110000
00011111111000
00111111111100
01111100111110
11111000011111
11110000001111
01100000000110
00000000000000
00000000000000
01100000000110
11110000001111
11111000011111
01111100111110
00111111111100
00011111111000
00001111110000
00000111100000
00000111100000
00000111100000
00000111100000
00000111100000
00000111100000
00000011000000
00000000000000
